-95.9115299916597	34.2951918098415
-95.5555515808045	34.2951918098415
-95.1995731699493	34.2951918098415
-94.8435947590941	34.2951918098415
-94.4876163482389	34.2951918098415
-94.1316379373837	34.2951918098415
-93.7756595265285	34.2951918098415
-93.4196811156733	34.2951918098415
-93.0637027048181	34.2951918098415
-92.7077242939629	34.2951918098415
-92.3517458831077	34.2951918098415
-91.9957674722525	34.2951918098415
-91.6397890613973	34.2951918098415
-91.2838106505421	34.2951918098415
-95.9115299916597	34.5084933110925
-95.5555515808045	34.5084933110925
-95.1995731699493	34.5084933110925
-94.8435947590941	34.5084933110925
-94.4876163482389	34.5084933110925
-94.1316379373837	34.5084933110925
-93.7756595265285	34.5084933110925
-93.4196811156733	34.5084933110925
-93.0637027048181	34.5084933110925
-92.7077242939629	34.5084933110925
-92.3517458831077	34.5084933110925
-91.9957674722525	34.5084933110925
-91.6397890613973	34.5084933110925
-91.2838106505421	34.5084933110925
-95.9115299916597	34.7217948123436
-95.5555515808045	34.7217948123436
-95.1995731699493	34.7217948123436
-94.8435947590941	34.7217948123436
-94.4876163482389	34.7217948123436
-94.1316379373837	34.7217948123436
-93.7756595265285	34.7217948123436
-93.4196811156733	34.7217948123436
-93.0637027048181	34.7217948123436
-92.7077242939629	34.7217948123436
-92.3517458831077	34.7217948123436
-91.9957674722525	34.7217948123436
-91.6397890613973	34.7217948123436
-91.2838106505421	34.7217948123436
-95.9115299916597	34.9350963135946
-95.5555515808045	34.9350963135946
-95.1995731699493	34.9350963135946
-94.8435947590941	34.9350963135946
-94.4876163482389	34.9350963135946
-94.1316379373837	34.9350963135946
-93.7756595265285	34.9350963135946
-93.4196811156733	34.9350963135946
-93.0637027048181	34.9350963135946
-92.7077242939629	34.9350963135946
-92.3517458831077	34.9350963135946
-91.9957674722525	34.9350963135946
-91.6397890613973	34.9350963135946
-91.2838106505421	34.9350963135946
-95.9115299916597	35.1483978148457
-95.5555515808045	35.1483978148457
-95.1995731699493	35.1483978148457
-94.8435947590941	35.1483978148457
-94.4876163482389	35.1483978148457
-94.1316379373837	35.1483978148457
-93.7756595265285	35.1483978148457
-93.4196811156733	35.1483978148457
-93.0637027048181	35.1483978148457
-92.7077242939629	35.1483978148457
-92.3517458831077	35.1483978148457
-91.9957674722525	35.1483978148457
-91.6397890613973	35.1483978148457
-91.2838106505421	35.1483978148457
-95.9115299916597	35.3616993160967
-95.5555515808045	35.3616993160967
-95.1995731699493	35.3616993160967
-94.8435947590941	35.3616993160967
-94.4876163482389	35.3616993160967
-94.1316379373837	35.3616993160967
-93.7756595265285	35.3616993160967
-93.4196811156733	35.3616993160967
-93.0637027048181	35.3616993160967
-92.7077242939629	35.3616993160967
-92.3517458831077	35.3616993160967
-91.9957674722525	35.3616993160967
-91.6397890613973	35.3616993160967
-91.2838106505421	35.3616993160967
-95.9115299916597	35.5750008173478
-95.5555515808045	35.5750008173478
-95.1995731699493	35.5750008173478
-94.8435947590941	35.5750008173478
-94.4876163482389	35.5750008173478
-94.1316379373837	35.5750008173478
-93.7756595265285	35.5750008173478
-93.4196811156733	35.5750008173478
-93.0637027048181	35.5750008173478
-92.7077242939629	35.5750008173478
-92.3517458831077	35.5750008173478
-91.9957674722525	35.5750008173478
-91.6397890613973	35.5750008173478
-91.2838106505421	35.5750008173478
-95.9115299916597	35.7883023185988
-95.5555515808045	35.7883023185988
-95.1995731699493	35.7883023185988
-94.8435947590941	35.7883023185988
-94.4876163482389	35.7883023185988
-94.1316379373837	35.7883023185988
-93.7756595265285	35.7883023185988
-93.4196811156733	35.7883023185988
-93.0637027048181	35.7883023185988
-92.7077242939629	35.7883023185988
-92.3517458831077	35.7883023185988
-91.9957674722525	35.7883023185988
-91.6397890613973	35.7883023185988
-91.2838106505421	35.7883023185988
-95.9115299916597	36.0016038198499
-95.5555515808045	36.0016038198499
-95.1995731699493	36.0016038198499
-94.8435947590941	36.0016038198499
-94.4876163482389	36.0016038198499
-94.1316379373837	36.0016038198499
-93.7756595265285	36.0016038198499
-93.4196811156733	36.0016038198499
-93.0637027048181	36.0016038198499
-92.7077242939629	36.0016038198499
-92.3517458831077	36.0016038198499
-91.9957674722525	36.0016038198499
-91.6397890613973	36.0016038198499
-91.2838106505421	36.0016038198499
-95.9115299916597	36.2149053211009
-95.5555515808045	36.2149053211009
-95.1995731699493	36.2149053211009
-94.8435947590941	36.2149053211009
-94.4876163482389	36.2149053211009
-94.1316379373837	36.2149053211009
-93.7756595265285	36.2149053211009
-93.4196811156733	36.2149053211009
-93.0637027048181	36.2149053211009
-92.7077242939629	36.2149053211009
-92.3517458831077	36.2149053211009
-91.9957674722525	36.2149053211009
-91.6397890613973	36.2149053211009
-91.2838106505421	36.2149053211009
-95.9115299916597	36.428206822352
-95.5555515808045	36.428206822352
-95.1995731699493	36.428206822352
-94.8435947590941	36.428206822352
-94.4876163482389	36.428206822352
-94.1316379373837	36.428206822352
-93.7756595265285	36.428206822352
-93.4196811156733	36.428206822352
-93.0637027048181	36.428206822352
-92.7077242939629	36.428206822352
-92.3517458831077	36.428206822352
-91.9957674722525	36.428206822352
-91.6397890613973	36.428206822352
-91.2838106505421	36.428206822352
-95.9115299916597	36.641508323603
-95.5555515808045	36.641508323603
-95.1995731699493	36.641508323603
-94.8435947590941	36.641508323603
-94.4876163482389	36.641508323603
-94.1316379373837	36.641508323603
-93.7756595265285	36.641508323603
-93.4196811156733	36.641508323603
-93.0637027048181	36.641508323603
-92.7077242939629	36.641508323603
-92.3517458831077	36.641508323603
-91.9957674722525	36.641508323603
-91.6397890613973	36.641508323603
-91.2838106505421	36.641508323603
-95.9115299916597	36.8548098248541
-95.5555515808045	36.8548098248541
-95.1995731699493	36.8548098248541
-94.8435947590941	36.8548098248541
-94.4876163482389	36.8548098248541
-94.1316379373837	36.8548098248541
-93.7756595265285	36.8548098248541
-93.4196811156733	36.8548098248541
-93.0637027048181	36.8548098248541
-92.7077242939629	36.8548098248541
-92.3517458831077	36.8548098248541
-91.9957674722525	36.8548098248541
-91.6397890613973	36.8548098248541
-91.2838106505421	36.8548098248541
-95.9115299916597	37.0681113261051
-95.5555515808045	37.0681113261051
-95.1995731699493	37.0681113261051
-94.8435947590941	37.0681113261051
-94.4876163482389	37.0681113261051
-94.1316379373837	37.0681113261051
-93.7756595265285	37.0681113261051
-93.4196811156733	37.0681113261051
-93.0637027048181	37.0681113261051
-92.7077242939629	37.0681113261051
-92.3517458831077	37.0681113261051
-91.9957674722525	37.0681113261051
-91.6397890613973	37.0681113261051
-91.2838106505421	37.0681113261051
